2047881931 2133163196 61773729
2768352591 2658645540 147815435
663892205 789634091 62723057
962320572 2260439344 13990400
4174477469 3668516433 35699725
3949428604 3175207948 225048865
2918680909 3704216158 118365848
976310972 47881164 71382440
736841121 215530327 84565848
1481137268 593966122 45807826
3406939292 2891251077 174249820
2916168026 3907788997 2512883
854252812 1457767969 108067760
2658645540 3065500897 109707051
0 1842095595 291067601
821406969 119263604 32845843
2182554848 897903253 121629531
1047693412 1565835729 166620621
3847603798 3400256813 16617815
1259860138 152109447 53195021
3581189112 3424865230 243651203
1470195525 1364566318 10941743
653613314 30205504 10278891
1430142037 1324512830 40053488
291067601 1773419829 68675766
2109655660 2194936925 65502419
1856219803 2274429744 191662128
359743367 300096175 293869947
3398948690 3416874628 7990602
3864221613 3822582006 85206991
2609164425 1750403060 23016769
1707010741 2466091872 49002444
1756013185 1732456350 17946710
1214314033 852357148 45546105
1313055159 2515094316 117086878
2175158079 40484395 7396769
3824840315 3910301880 22763483
1526945094 639773948 149860143
2304184379 1019532784 304980046
3037046757 3933065363 361901933
1773959895 1375508061 82259908
726615262 205304468 10225859
1676805237 0 30205504
4210177194 2806460975 84790102