2182426048 2230942562 75597875
3871195410 3518497934 102047632
2258023923 1068663414 38503018
1376483871 1748535271 120845081
3267723970 3442138354 23090394
3687599530 4146748183 69194895
1687874044 1117179928 229976398
1024656105 0 9213951
2036492700 1503963494 145933348
1339060619 127856209 37423252
3600067928 3079307704 87531602
3778928632 3171781100 38997592
485121354 165279461 136305184
1266011073 1649896842 73049546
1917850442 9213951 118642258
2296526941 1107166432 10013496
3973243042 2847069441 75895604
3177917323 2989501057 89806647
136410837 1347156326 156807168
4049138646 3166839306 4941794
3817926224 3465228748 53269186
2631950731 2587548926 259520515
478937106 2064525337 6184248
3756794425 2922965045 22134207
621426538 487303746 242996590
3299937194 3372641330 69497024
1240422190 1722946388 25588883
1497328952 1873980245 190545092
2587548926 2945099252 44401805
864423128 2070709585 160232977
1033870056 1869380352 4599893
2891471246 3629668396 286446077
1158126414 866711173 82295776
4054080440 3210778692 62083789
1038469949 949006949 119656465
0 730300336 136410837
4116164229 3272862481 99778849
3290814364 3620545566 9122830
3369434218 3916114473 230633710
293218005 301584645 185719101