2408925737 4214441342 80525954
1405678964 176700146 234310964
2103148712 0 114754845
289811242 411011110 140151672
19025194 1085844786 2698717
2799367899 3104502118 25793488
3686730518 3130295606 74796096
628099810 1273935988 19704264
1112219380 661022482 39037869
467844674 876473087 160255136
1356562401 1036728223 49116563
0 2195479548 19025194
1778400105 1801270370 10408868
3201290155 3772851666 86331548
1795901930 1713284032 67001953
1151257249 1907547144 205305152
4156855349 4121566803 26796069
160254887 2112852296 19696655
1788808973 114754845 7092957
1639989928 1780285985 20984385
3990635607 2938282376 166219742
2864292987 3316407580 74613579
3761526614 4148362872 26946870
2048296368 121847802 54852344
3054903767 3975180415 146386388
21723911 737942111 138530976
647804074 1811679238 95867906
3580274539 3391021159 106455979
2489451691 2628366168 309916208
1049288783 2132548951 62930597
4183651418 3205091702 111315878
3360834108 2408925737 219440431
743671980 1293640252 305616803
3287621703 3699639261 73212405
2938906566 3859183214 115997201
429962914 700060351 37881760
1775001290 2214504742 3398815
3788473484 3497477138 202162123
2825161387 4175309742 39131600
1660974313 1599257055 114026977
1862903883 1088543503 185392485
179951542 551162782 109859700