1839905294 2992775329 34548650
266781855 3027323979 163164353
1874453944 1681649719 388228515
671359508 847997583 161400465
0 2547368955 266781855
3203005759 3207454799 385245393
832759973 813886658 34110925
3671840261 3598096086 304246395
1377823717 351805081 65559824
1443383541 417364905 396521753
3985931590 3902342481 309035706
2954410911 2069878234 236077421
2262682459 2814150810 19476781
429946208 2305955655 241413300
3981482550 3203005759 4449040
3976086656 3592700192 5395894
1026018636 0 351805081
2282159240 1009398048 672251671
866870898 2833627591 159147738
3588251152 4211378187 83589109