3843755612 3461421206 53203349
3797023193 2837279508 46732419
1328442859 1820435049 165058603
2358032500 2069263501 110029787
776537476 129658954 20092280
2041812400 3514624555 271685061
4004991793 2179293288 239800545
1813819309 1372459189 171674343
890079235 609776153 19282104
129748073 629058257 107944033
2472688430 2519585064 209661612
1039983756 866750363 166281406
3896958961 2729246676 108032832
1004757286 149751234 35226470
850718450 90298169 39360785
3150066893 4231246292 63721004
0 737002290 129748073
909361339 1154885545 95395947
2682350042 2911243637 44822034
318816223 1586615093 233819956
796629756 531466240 54088694
705961941 460890705 70575535
3669300252 2884011927 27231710
4244792338 3015820858 50174958
3352063456 3786309616 317236796
552636179 0 75876832
3213787897 4103546412 55695414
294595004 585554934 24221219
2799176542 3110530855 350890351
1691965533 1033031769 121853776
2468062287 2956065671 4626143
2727172076 4159241826 72004466
1493501462 262426634 198464071
280173667 75876832 14421337
1986683356 2960691814 55129044
628513011 184977704 77448930
2313497461 3065995816 44535039
1206265162 1250281492 122177697
3269483311 1986683356 82580145
237692106 1544133532 42481561
3696531962 2419093833 100491231